[Documentation]
information1 = This file stores the OID assignments for resources defined in this IG.
information2 = It must be added to git and committed when resources are added or their id is changed
information3 = You should not generally need to edit this file, but if you do:
information4 = (a) you can change the id of a resource (left side) if you change it's actual id in your source, to maintain OID consistency
information5 = (b) you can change the oid of the resource to an OID you assign manually. If you really know what you're doing with OIDs
information6 = There is never a reason to edit anything else

[Key]
CodeSystem = 1
ValueSet = 4
ConceptMap = 1
StructureDefinition = 8
CapabilityStatement = 3

[CodeSystem]
notification-event = 2.16.840.1.113883.4.642.40.47.16.1

[ValueSet]
notification-admit-event = 2.16.840.1.113883.4.642.40.47.48.1
notification-discharge-event = 2.16.840.1.113883.4.642.40.47.48.2
notification-event = 2.16.840.1.113883.4.642.40.47.48.3
notification-transfer-event = 2.16.840.1.113883.4.642.40.47.48.4

[ConceptMap]
direct-alerts = 2.16.840.1.113883.4.642.40.47.18.1

[StructureDefinition]
admit-notification-messageheader = 2.16.840.1.113883.4.642.40.47.42.1
adt-notification-condition = 2.16.840.1.113883.4.642.40.47.42.2
adt-notification-coverage = 2.16.840.1.113883.4.642.40.47.42.3
adt-notification-encounter = 2.16.840.1.113883.4.642.40.47.42.4
discharge-notification-messageheader = 2.16.840.1.113883.4.642.40.47.42.5
notifications-bundle = 2.16.840.1.113883.4.642.40.47.42.6
notifications-messageheader = 2.16.840.1.113883.4.642.40.47.42.7
transfer-notification-messageheader = 2.16.840.1.113883.4.642.40.47.42.8

[CapabilityStatement]
notification-forwarder = 2.16.840.1.113883.4.642.40.47.13.1
notification-receiver = 2.16.840.1.113883.4.642.40.47.13.2
notification-sender = 2.16.840.1.113883.4.642.40.47.13.3

